Mu best for the case of the grid based method..            

[,1]      [,2]      [,3]      [,4]      [,5]      [,6]      [,7]      [,8]      [,9]
 [1,]  0.5214328 0.5390586 0.4403818 0.5954889 0.8186845 0.9937360 1.4843749 1.8919736 2.3554299
 [2,]  0.4891771 0.5457436 0.6263933 0.5502427 0.9500841 1.3171663 1.9328036 2.9426916 3.7327427
 [3,]  0.5907930 0.6664222 0.6056979 0.7329255 0.7055474 0.7002941 0.6885622 0.9295766 0.9073956
 [4,] -0.7037700 0.3626815 1.1040618 2.0040767 2.6564097 3.8828028 5.1594380 4.2940460 3.7469489
 [5,]  0.1385497 0.4403605 0.8407552 1.6550576 2.1782900 3.1684007 4.3398888 3.9533530 3.8350808
 [6,]  0.4934144 0.6550395 0.8837069 1.0038206 1.3056252 2.0969013 3.0025375 3.9343629 4.4860178
 [7,] -0.5914876 0.2482841 1.1977761 2.0109744 2.5314706 3.7321001 4.5627992 3.9342139 2.9940694
 [8,]  0.1401181 0.6290037 1.1013297 1.5433771 2.0774814 2.5116274 3.1461986 2.5389887 2.1324335
 [9,]  0.4873767 0.6207674 0.8756866 1.1418945 1.2653948 1.4024838 1.4643852 1.2330679 0.9939144
         [,10]    [,11]     [,12]     [,13]     [,14]      [,15]      [,16]      [,17]       [,18]
 [1,] 3.411654 4.478795 4.3372385 4.5935417 4.3865167  4.6756183  3.6672994  2.5512381  2.31020659
 [2,] 4.821885 5.969793 5.0667250 4.4587165 3.6130485  3.2023012  2.1158746  1.1073485  0.75559570
 [3,] 2.001951 3.217802 3.6909965 4.4485151 4.9792878  5.9137235  4.9441647  3.8679063  3.25225208
 [4,] 2.833010 1.989835 1.2717641 0.1543719 0.1797881 -0.3596937 -0.5076564 -0.5650098 -0.70332954
 [5,] 4.107216 3.971488 2.8414859 1.8860954 1.5328166  1.0927965  0.5115672  0.2072534  0.25392666
 [6,] 5.123908 5.960132 4.8229950 3.8218123 2.9395602  2.1547833  1.4456199  0.5604610  0.56351120
 [7,] 2.326011 1.442021 0.6907314 0.1068717 0.2011700  0.3820542  0.1140278  0.1773550 -0.01816413
 [8,] 2.178376 2.238263 1.9246380 1.7415127 2.5733466  2.9114266  2.4640596  1.9074967  1.33331812
 [9,] 1.965317 2.029715 3.1623890 3.9646454 4.4973301  5.5699112  4.6099085  3.8592481  3.14110990
             [,19]       [,20]       [,21]
 [1,]  1.495922629  0.96388954  0.52919548
 [2,]  0.757967148  0.63825544  0.63439735
 [3,]  2.191883450  1.28808417  0.67857054
 [4,] -0.418449727 -0.34878842 -0.65249344
 [5,]  0.008945372 -0.02004385  0.15478145
 [6,]  0.378901567  0.47891220  0.50923124
 [7,] -0.244977769 -0.52284194 -0.64236002
 [8,]  0.933945195  0.56780745  0.06281419
 [9,]  2.215359368  1.14752757  0.50260629