Parameter tuning of ‘svm’:

- sampling method: 5-fold cross validation 

- best parameters:
 gamma cost epsilon
 0.028    4    0.06

- best performance: 0.0561504 

- Detailed performance results:
   gamma cost epsilon      error  dispersion
1  0.023    4    0.01 0.05671782 0.003038189
2  0.024    4    0.01 0.05660127 0.002994506
3  0.025    4    0.01 0.05649730 0.002977193
4  0.026    4    0.01 0.05643313 0.002958928
5  0.027    4    0.01 0.05638765 0.002923329
6  0.028    4    0.01 0.05636854 0.002889280
7  0.029    4    0.01 0.05637739 0.002855400
8  0.030    4    0.01 0.05643552 0.002847192
9  0.023    4    0.02 0.05665940 0.003025672
10 0.024    4    0.02 0.05653892 0.002994311
11 0.025    4    0.02 0.05642993 0.002952054
12 0.026    4    0.02 0.05637231 0.002928019
13 0.027    4    0.02 0.05633464 0.002884814
14 0.028    4    0.02 0.05631729 0.002855671
15 0.029    4    0.02 0.05633605 0.002829475
16 0.030    4    0.02 0.05639605 0.002827141
17 0.023    4    0.03 0.05656571 0.003002927
18 0.024    4    0.03 0.05645632 0.002945536
19 0.025    4    0.03 0.05637294 0.002898485
20 0.026    4    0.03 0.05633943 0.002888112
21 0.027    4    0.03 0.05629826 0.002860294
22 0.028    4    0.03 0.05627875 0.002843206
23 0.029    4    0.03 0.05631106 0.002828183
24 0.030    4    0.03 0.05636933 0.002829918
25 0.023    4    0.04 0.05650356 0.002933505
26 0.024    4    0.04 0.05640274 0.002853352
27 0.025    4    0.04 0.05634930 0.002825782
28 0.026    4    0.04 0.05630194 0.002812848
29 0.027    4    0.04 0.05624800 0.002803711
30 0.028    4    0.04 0.05622572 0.002790928
31 0.029    4    0.04 0.05625677 0.002785125
32 0.030    4    0.04 0.05631950 0.002781630
33 0.023    4    0.05 0.05647157 0.002804106
34 0.024    4    0.05 0.05637124 0.002757968
35 0.025    4    0.05 0.05631801 0.002759738
36 0.026    4    0.05 0.05624844 0.002745280
37 0.027    4    0.05 0.05619706 0.002731787
38 0.028    4    0.05 0.05618469 0.002729022
39 0.029    4    0.05 0.05621871 0.002728446
40 0.030    4    0.05 0.05627696 0.002706720
41 0.023    4    0.06 0.05642438 0.002748173
42 0.024    4    0.06 0.05633415 0.002718374
43 0.025    4    0.06 0.05628119 0.002726655
44 0.026    4    0.06 0.05619840 0.002713803
45 0.027    4    0.06 0.05615315 0.002708144
46 0.028    4    0.06 0.05615040 0.002697102
47 0.029    4    0.06 0.05619977 0.002661023
48 0.030    4    0.06 0.05627684 0.002634371
49 0.023    4    0.07 0.05637225 0.002697884
50 0.024    4    0.07 0.05630639 0.002703741
51 0.025    4    0.07 0.05625192 0.002687782
52 0.026    4    0.07 0.05619637 0.002678961
53 0.027    4    0.07 0.05616217 0.002665581
54 0.028    4    0.07 0.05616514 0.002646625
55 0.029    4    0.07 0.05622756 0.002610766
56 0.030    4    0.07 0.05630262 0.002574134
57 0.023    4    0.08 0.05632852 0.002676791
58 0.024    4    0.08 0.05626785 0.002672141
59 0.025    4    0.08 0.05622172 0.002655117
60 0.026    4    0.08 0.05619272 0.002645807
61 0.027    4    0.08 0.05618583 0.002631384
62 0.028    4    0.08 0.05622023 0.002605107
63 0.029    4    0.08 0.05629771 0.002581283
64 0.030    4    0.08 0.05637438 0.002542788
65 0.023    4    0.09 0.05633372 0.002682408
66 0.024    4    0.09 0.05628143 0.002656239
67 0.025    4    0.09 0.05622394 0.002646771
68 0.026    4    0.09 0.05620005 0.002622127
69 0.027    4    0.09 0.05623224 0.002590046
70 0.028    4    0.09 0.05628360 0.002549207
71 0.029    4    0.09 0.05633982 0.002513174
72 0.030    4    0.09 0.05640343 0.002459845
73 0.023    4    0.10 0.05636096 0.002639685
74 0.024    4    0.10 0.05630565 0.002625348
75 0.025    4    0.10 0.05626085 0.002610706
76 0.026    4    0.10 0.05625211 0.002594547
77 0.027    4    0.10 0.05628154 0.002537695
78 0.028    4    0.10 0.05633210 0.002470404
79 0.029    4    0.10 0.05638746 0.002424862
80 0.030    4    0.10 0.05647137 0.002376177