Parameter tuning of ‘svm’:

- sampling method: 5-fold cross validation 

- best parameters:
 gamma cost epsilon
 0.024    4    0.05

- best performance: 0.05786254 

- Detailed performance results:
    gamma cost epsilon      error  dispersion
1   0.015    3    0.05 0.05950365 0.004285838
2   0.016    3    0.05 0.05921209 0.004285067
3   0.017    3    0.05 0.05897628 0.004231442
4   0.018    3    0.05 0.05882594 0.004224418
5   0.019    3    0.05 0.05867114 0.004227552
6   0.020    3    0.05 0.05854154 0.004270850
7   0.021    3    0.05 0.05841749 0.004303729
8   0.022    3    0.05 0.05830614 0.004326895
9   0.023    3    0.05 0.05823228 0.004377144
10  0.024    3    0.05 0.05817485 0.004424740
11  0.025    3    0.05 0.05813903 0.004426018
12  0.015    4    0.05 0.05890994 0.004074206
13  0.016    4    0.05 0.05866021 0.004044069
14  0.017    4    0.05 0.05844022 0.004017814
15  0.018    4    0.05 0.05831099 0.004058756
16  0.019    4    0.05 0.05819162 0.004104907
17  0.020    4    0.05 0.05808606 0.004184010
18  0.021    4    0.05 0.05799797 0.004234614
19  0.022    4    0.05 0.05793988 0.004275688
20  0.023    4    0.05 0.05787411 0.004318711
21  0.024    4    0.05 0.05786254 0.004338608
22  0.025    4    0.05 0.05787109 0.004320868
23  0.015    5    0.05 0.05851555 0.003900440
24  0.016    5    0.05 0.05830811 0.003883714
25  0.017    5    0.05 0.05821275 0.003959516
26  0.018    5    0.05 0.05808017 0.004024299
27  0.019    5    0.05 0.05797294 0.004093957
28  0.020    5    0.05 0.05793811 0.004149191
29  0.021    5    0.05 0.05788106 0.004229980
30  0.022    5    0.05 0.05787511 0.004258071
31  0.023    5    0.05 0.05789701 0.004271997
32  0.024    5    0.05 0.05791129 0.004294256
33  0.025    5    0.05 0.05793836 0.004349245
34  0.015    6    0.05 0.05833108 0.003786811
35  0.016    6    0.05 0.05821052 0.003862485
36  0.017    6    0.05 0.05808556 0.003942672
37  0.018    6    0.05 0.05801174 0.004029714
38  0.019    6    0.05 0.05798367 0.004079083
39  0.020    6    0.05 0.05795795 0.004163267
40  0.021    6    0.05 0.05800600 0.004205086
41  0.022    6    0.05 0.05804153 0.004255214
42  0.023    6    0.05 0.05806596 0.004335540
43  0.024    6    0.05 0.05809108 0.004354948
44  0.025    6    0.05 0.05813375 0.004366266
45  0.015    7    0.05 0.05829090 0.003748181
46  0.016    7    0.05 0.05817976 0.003848693
47  0.017    7    0.05 0.05809748 0.003948322
48  0.018    7    0.05 0.05810132 0.004014387
49  0.019    7    0.05 0.05812599 0.004116298
50  0.020    7    0.05 0.05818144 0.004170331
51  0.021    7    0.05 0.05821300 0.004270377
52  0.022    7    0.05 0.05825021 0.004344030
53  0.023    7    0.05 0.05829206 0.004363681
54  0.024    7    0.05 0.05833246 0.004388625
55  0.025    7    0.05 0.05838720 0.004447742
56  0.015    8    0.05 0.05831379 0.003740989
57  0.016    8    0.05 0.05822794 0.003867564
58  0.017    8    0.05 0.05825685 0.003958008
59  0.018    8    0.05 0.05829616 0.004062263
60  0.019    8    0.05 0.05836710 0.004122406
61  0.020    8    0.05 0.05840918 0.004249126
62  0.021    8    0.05 0.05845111 0.004333492
63  0.022    8    0.05 0.05850882 0.004372276
64  0.023    8    0.05 0.05857067 0.004422980
65  0.024    8    0.05 0.05861789 0.004501395
66  0.025    8    0.05 0.05871014 0.004590678
67  0.015    3    0.10 0.05922132 0.004406607
68  0.016    3    0.10 0.05897797 0.004380372
69  0.017    3    0.10 0.05881692 0.004354628
70  0.018    3    0.10 0.05865074 0.004353987
71  0.019    3    0.10 0.05855174 0.004321036
72  0.020    3    0.10 0.05848113 0.004297456
73  0.021    3    0.10 0.05842207 0.004316479
74  0.022    3    0.10 0.05834290 0.004357789
75  0.023    3    0.10 0.05830051 0.004371442
76  0.024    3    0.10 0.05824841 0.004399717
77  0.025    3    0.10 0.05822667 0.004440935
78  0.015    4    0.10 0.05868767 0.004159127
79  0.016    4    0.10 0.05847371 0.004148173
80  0.017    4    0.10 0.05834749 0.004134622
81  0.018    4    0.10 0.05825046 0.004141661
82  0.019    4    0.10 0.05815174 0.004215737
83  0.020    4    0.10 0.05806541 0.004247109
84  0.021    4    0.10 0.05800162 0.004269103
85  0.022    4    0.10 0.05797286 0.004290323
86  0.023    4    0.10 0.05793855 0.004284300
87  0.024    4    0.10 0.05795068 0.004272381
88  0.025    4    0.10 0.05798026 0.004292546
89  0.015    5    0.10 0.05840472 0.004037162
90  0.016    5    0.10 0.05825364 0.004017649
91  0.017    5    0.10 0.05812052 0.004074455
92  0.018    5    0.10 0.05801797 0.004109426
93  0.019    5    0.10 0.05795392 0.004153346
94  0.020    5    0.10 0.05793474 0.004171123
95  0.021    5    0.10 0.05793055 0.004194444
96  0.022    5    0.10 0.05794673 0.004226766
97  0.023    5    0.10 0.05796564 0.004257501
98  0.024    5    0.10 0.05802238 0.004319487
99  0.025    5    0.10 0.05807647 0.004400325
100 0.015    6    0.10 0.05827105 0.003893653
101 0.016    6    0.10 0.05814359 0.003957626
102 0.017    6    0.10 0.05807986 0.004011407
103 0.018    6    0.10 0.05801239 0.004022411
104 0.019    6    0.10 0.05801896 0.004093765
105 0.020    6    0.10 0.05804294 0.004162625
106 0.021    6    0.10 0.05805477 0.004209693
107 0.022    6    0.10 0.05812413 0.004284561
108 0.023    6    0.10 0.05819391 0.004373782
109 0.024    6    0.10 0.05825404 0.004439150
110 0.025    6    0.10 0.05831148 0.004487245
111 0.015    7    0.10 0.05826327 0.003844741
112 0.016    7    0.10 0.05820909 0.003895668
113 0.017    7    0.10 0.05814519 0.003932973
114 0.018    7    0.10 0.05818089 0.004038246
115 0.019    7    0.10 0.05819726 0.004106395
116 0.020    7    0.10 0.05824676 0.004200395
117 0.021    7    0.10 0.05833696 0.004296803
118 0.022    7    0.10 0.05842674 0.004397630
119 0.023    7    0.10 0.05847157 0.004470266
120 0.024    7    0.10 0.05854709 0.004528477
121 0.025    7    0.10 0.05863239 0.004535436
122 0.015    8    0.10 0.05836662 0.003788332
123 0.016    8    0.10 0.05829908 0.003848772
124 0.017    8    0.10 0.05836340 0.003983917
125 0.018    8    0.10 0.05838305 0.004049941
126 0.019    8    0.10 0.05845536 0.004169401
127 0.020    8    0.10 0.05855870 0.004288265
128 0.021    8    0.10 0.05865971 0.004413604
129 0.022    8    0.10 0.05870855 0.004505789
130 0.023    8    0.10 0.05879656 0.004567176
131 0.024    8    0.10 0.05889000 0.004533652
132 0.025    8    0.10 0.05903774 0.004547685
133 0.015    3    0.15 0.05927079 0.004422166
134 0.016    3    0.15 0.05914181 0.004365212
135 0.017    3    0.15 0.05903775 0.004301466
136 0.018    3    0.15 0.05898723 0.004231412
137 0.019    3    0.15 0.05890937 0.004200542
138 0.020    3    0.15 0.05883211 0.004227014
139 0.021    3    0.15 0.05880234 0.004250135
140 0.022    3    0.15 0.05874090 0.004247585
141 0.023    3    0.15 0.05871639 0.004256735
142 0.024    3    0.15 0.05869390 0.004237128
143 0.025    3    0.15 0.05867053 0.004230734
144 0.015    4    0.15 0.05887013 0.004146076
145 0.016    4    0.15 0.05878629 0.004080094
146 0.017    4    0.15 0.05868806 0.004084035
147 0.018    4    0.15 0.05859987 0.004118697
148 0.019    4    0.15 0.05851838 0.004097444
149 0.020    4    0.15 0.05844861 0.004099877
150 0.021    4    0.15 0.05843848 0.004081328
151 0.022    4    0.15 0.05842413 0.004096634
152 0.023    4    0.15 0.05843480 0.004133827
153 0.024    4    0.15 0.05846861 0.004160040
154 0.025    4    0.15 0.05851611 0.004236824
155 0.015    5    0.15 0.05871542 0.003996247
156 0.016    5    0.15 0.05859592 0.003989089
157 0.017    5    0.15 0.05847991 0.003974808
158 0.018    5    0.15 0.05842352 0.004001822
159 0.019    5    0.15 0.05840666 0.003973093
160 0.020    5    0.15 0.05841009 0.004006556
161 0.021    5    0.15 0.05840179 0.004075862
162 0.022    5    0.15 0.05843821 0.004128450
163 0.023    5    0.15 0.05848726 0.004232201
164 0.024    5    0.15 0.05855032 0.004342329
165 0.025    5    0.15 0.05864137 0.004352518
166 0.015    6    0.15 0.05859284 0.003856178
167 0.016    6    0.15 0.05850986 0.003882558
168 0.017    6    0.15 0.05847536 0.003898855
169 0.018    6    0.15 0.05850443 0.003910125
170 0.019    6    0.15 0.05848766 0.003981430
171 0.020    6    0.15 0.05849503 0.004056496
172 0.021    6    0.15 0.05854978 0.004177597
173 0.022    6    0.15 0.05863562 0.004298537
174 0.023    6    0.15 0.05872504 0.004315020
175 0.024    6    0.15 0.05882817 0.004309602
176 0.025    6    0.15 0.05894211 0.004316517
177 0.015    7    0.15 0.05860834 0.003787157
178 0.016    7    0.15 0.05859019 0.003803840
179 0.017    7    0.15 0.05862449 0.003857483
180 0.018    7    0.15 0.05861803 0.003957415
181 0.019    7    0.15 0.05864937 0.004053415
182 0.020    7    0.15 0.05873072 0.004203827
183 0.021    7    0.15 0.05884829 0.004299827
184 0.022    7    0.15 0.05893698 0.004287276
185 0.023    7    0.15 0.05904088 0.004297273
186 0.024    7    0.15 0.05914308 0.004329315
187 0.025    7    0.15 0.05924248 0.004361178
188 0.015    8    0.15 0.05873496 0.003739491
189 0.016    8    0.15 0.05876180 0.003801595
190 0.017    8    0.15 0.05877616 0.003915598
191 0.018    8    0.15 0.05882087 0.004037075
192 0.019    8    0.15 0.05892273 0.004214253
193 0.020    8    0.15 0.05905949 0.004287962
194 0.021    8    0.15 0.05915349 0.004274123
195 0.022    8    0.15 0.05925504 0.004294935
196 0.023    8    0.15 0.05934698 0.004348321
197 0.024    8    0.15 0.05945078 0.004391095
198 0.025    8    0.15 0.05960665 0.004435497
199 0.015    3    0.20 0.05995487 0.004178720
200 0.016    3    0.20 0.05983771 0.004122560
201 0.017    3    0.20 0.05972948 0.004030460
202 0.018    3    0.20 0.05960122 0.003975393
203 0.019    3    0.20 0.05950612 0.003934771
204 0.020    3    0.20 0.05944820 0.003902641
205 0.021    3    0.20 0.05940904 0.003873443
206 0.022    3    0.20 0.05937390 0.003868810
207 0.023    3    0.20 0.05934994 0.003883162
208 0.024    3    0.20 0.05936237 0.003918553
209 0.025    3    0.20 0.05939748 0.003968994
210 0.015    4    0.20 0.05952298 0.003882174
211 0.016    4    0.20 0.05938756 0.003835292
212 0.017    4    0.20 0.05926670 0.003766437
213 0.018    4    0.20 0.05920183 0.003741967
214 0.019    4    0.20 0.05915171 0.003740869
215 0.020    4    0.20 0.05909857 0.003736393
216 0.021    4    0.20 0.05909864 0.003777372
217 0.022    4    0.20 0.05911494 0.003829214
218 0.023    4    0.20 0.05916453 0.003897727
219 0.024    4    0.20 0.05923320 0.004001270
220 0.025    4    0.20 0.05932345 0.004088350
221 0.015    5    0.20 0.05929512 0.003717322
222 0.016    5    0.20 0.05918776 0.003672643
223 0.017    5    0.20 0.05913080 0.003700010
224 0.018    5    0.20 0.05909596 0.003666862
225 0.019    5    0.20 0.05908379 0.003705710
226 0.020    5    0.20 0.05907389 0.003778699
227 0.021    5    0.20 0.05914407 0.003872171
228 0.022    5    0.20 0.05919563 0.003982234
229 0.023    5    0.20 0.05930125 0.004040016
230 0.024    5    0.20 0.05939984 0.004054063
231 0.025    5    0.20 0.05954082 0.004072960
232 0.015    6    0.20 0.05924374 0.003656035
233 0.016    6    0.20 0.05920073 0.003660384
234 0.017    6    0.20 0.05919009 0.003640184
235 0.018    6    0.20 0.05916061 0.003713373
236 0.019    6    0.20 0.05919454 0.003800659
237 0.020    6    0.20 0.05926063 0.003902596
238 0.021    6    0.20 0.05937477 0.003998798
239 0.022    6    0.20 0.05946552 0.004013147
240 0.023    6    0.20 0.05958598 0.004042686
241 0.024    6    0.20 0.05974689 0.004109230
242 0.025    6    0.20 0.05990416 0.004164728
243 0.015    7    0.20 0.05932951 0.003632800
244 0.016    7    0.20 0.05931778 0.003632506
245 0.017    7    0.20 0.05929515 0.003714536
246 0.018    7    0.20 0.05934672 0.003808298
247 0.019    7    0.20 0.05944122 0.003925757
248 0.020    7    0.20 0.05954734 0.003994267
249 0.021    7    0.20 0.05964181 0.004013635
250 0.022    7    0.20 0.05978332 0.004080920
251 0.023    7    0.20 0.05994050 0.004154989
252 0.024    7    0.20 0.06010482 0.004224676
253 0.025    7    0.20 0.06027488 0.004299455
254 0.015    8    0.20 0.05946927 0.003617666
255 0.016    8    0.20 0.05946971 0.003699109
256 0.017    8    0.20 0.05949632 0.003808603
257 0.018    8    0.20 0.05961238 0.003929547
258 0.019    8    0.20 0.05971042 0.004003797
259 0.020    8    0.20 0.05981005 0.004039576
260 0.021    8    0.20 0.05997253 0.004117674
261 0.022    8    0.20 0.06012965 0.004198569
262 0.023    8    0.20 0.06029587 0.004286634
263 0.024    8    0.20 0.06045946 0.004382522
264 0.025    8    0.20 0.06064366 0.004391231
