Parameter tuning of ‘svm’:

- sampling method: 5-fold cross validation 

- best parameters:
 gamma cost epsilon
  0.02    4     0.1

- best performance: 0.05765552 

- Detailed performance results:
    gamma cost epsilon      error   dispersion
1    0.01    1     0.1 0.06650807 0.0056484121
2    0.02    1     0.1 0.06118955 0.0050005721
3    0.03    1     0.1 0.06057182 0.0052137774
4    0.04    1     0.1 0.06119188 0.0051154214
5    0.05    1     0.1 0.06226691 0.0047724550
6    0.06    1     0.1 0.06386602 0.0044862546
7    0.07    1     0.1 0.06565690 0.0043520649
8    0.08    1     0.1 0.06757802 0.0043952797
9    0.09    1     0.1 0.06959417 0.0043905952
10   0.10    1     0.1 0.07165436 0.0044096317
11   0.01    2     0.1 0.06259668 0.0053694898
12   0.02    2     0.1 0.05890122 0.0053476064
13   0.03    2     0.1 0.05874956 0.0049679010
14   0.04    2     0.1 0.05956456 0.0045796833
15   0.05    2     0.1 0.06102969 0.0041427017
16   0.06    2     0.1 0.06295119 0.0037729388
17   0.07    2     0.1 0.06503625 0.0033918020
18   0.08    2     0.1 0.06717602 0.0033500826
19   0.09    2     0.1 0.06929906 0.0034823254
20   0.10    2     0.1 0.07147625 0.0036799314
21   0.01    4     0.1 0.06020176 0.0054280402
22   0.02    4     0.1 0.05765552 0.0050949216
23   0.03    4     0.1 0.05813474 0.0045290297
24   0.04    4     0.1 0.05972192 0.0035381895
25   0.05    4     0.1 0.06187020 0.0027321413
26   0.06    4     0.1 0.06374848 0.0026011009
27   0.07    4     0.1 0.06575708 0.0028091727
28   0.08    4     0.1 0.06792217 0.0030236494
29   0.09    4     0.1 0.07011606 0.0031752995
30   0.10    4     0.1 0.07225164 0.0033592900
31   0.01    8     0.1 0.05886240 0.0056819839
32   0.02    8     0.1 0.05775104 0.0049840081
33   0.03    8     0.1 0.05966418 0.0034629000
34   0.04    8     0.1 0.06162973 0.0021055915
35   0.05    8     0.1 0.06333525 0.0022041488
36   0.06    8     0.1 0.06536956 0.0023496512
37   0.07    8     0.1 0.06750553 0.0025867520
38   0.08    8     0.1 0.06974628 0.0028021601
39   0.09    8     0.1 0.07209250 0.0028432698
40   0.10    8     0.1 0.07423855 0.0029833508
41   0.01   16     0.1 0.05899502 0.0061919960
42   0.02   16     0.1 0.06020190 0.0047102249
43   0.03   16     0.1 0.06274107 0.0021485041
44   0.04   16     0.1 0.06444418 0.0021817774
45   0.05   16     0.1 0.06632235 0.0021803630
46   0.06   16     0.1 0.06847747 0.0022410338
47   0.07   16     0.1 0.07074474 0.0022973000
48   0.08   16     0.1 0.07255086 0.0025292427
49   0.09   16     0.1 0.07423077 0.0027648590
50   0.10   16     0.1 0.07586210 0.0029830629
51   0.01    1     0.2 0.06610441 0.0049628547
52   0.02    1     0.2 0.06189750 0.0046964021
53   0.03    1     0.2 0.06168446 0.0047699622
54   0.04    1     0.2 0.06268339 0.0043759746
55   0.05    1     0.2 0.06422636 0.0041483982
56   0.06    1     0.2 0.06608780 0.0040679992
57   0.07    1     0.2 0.06818828 0.0039777418
58   0.08    1     0.2 0.07040671 0.0039524913
59   0.09    1     0.2 0.07263004 0.0039837906
60   0.10    1     0.2 0.07488207 0.0040142623
61   0.01    2     0.2 0.06264989 0.0048848014
62   0.02    2     0.2 0.05972446 0.0046490009
63   0.03    2     0.2 0.06005333 0.0043524526
64   0.04    2     0.2 0.06133617 0.0039298256
65   0.05    2     0.2 0.06327097 0.0034598235
66   0.06    2     0.2 0.06567158 0.0030940821
67   0.07    2     0.2 0.06814940 0.0029498940
68   0.08    2     0.2 0.07045115 0.0031663786
69   0.09    2     0.2 0.07276264 0.0033489426
70   0.10    2     0.2 0.07502422 0.0035153544
71   0.01    4     0.2 0.06058797 0.0049853037
72   0.02    4     0.2 0.05866552 0.0043488282
73   0.03    4     0.2 0.05984475 0.0036386906
74   0.04    4     0.2 0.06214933 0.0026787981
75   0.05    4     0.2 0.06445542 0.0023339780
76   0.06    4     0.2 0.06662746 0.0024932833
77   0.07    4     0.2 0.06890942 0.0027078593
78   0.08    4     0.2 0.07127563 0.0029117053
79   0.09    4     0.2 0.07362476 0.0031159572
80   0.10    4     0.2 0.07598552 0.0032361225
81   0.01    8     0.2 0.05934159 0.0047804597
82   0.02    8     0.2 0.05922995 0.0037663335
83   0.03    8     0.2 0.06178802 0.0022517081
84   0.04    8     0.2 0.06386919 0.0020099542
85   0.05    8     0.2 0.06620868 0.0023104084
86   0.06    8     0.2 0.06841341 0.0025293868
87   0.07    8     0.2 0.07070059 0.0026883185
88   0.08    8     0.2 0.07302174 0.0026864301
89   0.09    8     0.2 0.07533400 0.0027950727
90   0.10    8     0.2 0.07750205 0.0029928658
91   0.01   16     0.2 0.05986018 0.0051556480
92   0.02   16     0.2 0.06190311 0.0028892972
93   0.03   16     0.2 0.06446379 0.0020095383
94   0.04   16     0.2 0.06686349 0.0024833607
95   0.05   16     0.2 0.06891904 0.0024197195
96   0.06   16     0.2 0.07116182 0.0022234241
97   0.07   16     0.2 0.07323710 0.0023752179
98   0.08   16     0.2 0.07511256 0.0025142579
99   0.09   16     0.2 0.07692648 0.0027830722
100  0.10   16     0.2 0.07891116 0.0028872571
101  0.01    1     0.3 0.06732688 0.0043863843
102  0.02    1     0.3 0.06387650 0.0043976357
103  0.03    1     0.3 0.06421177 0.0042976405
104  0.04    1     0.3 0.06565611 0.0040114496
105  0.05    1     0.3 0.06769295 0.0037958311
106  0.06    1     0.3 0.07014505 0.0036981904
107  0.07    1     0.3 0.07274458 0.0037132631
108  0.08    1     0.3 0.07529939 0.0037296466
109  0.09    1     0.3 0.07781195 0.0038270120
110  0.10    1     0.3 0.08027178 0.0039296548
111  0.01    2     0.3 0.06448979 0.0043411430
112  0.02    2     0.3 0.06189354 0.0041251429
113  0.03    2     0.3 0.06275090 0.0039309593
114  0.04    2     0.3 0.06461924 0.0033305438
115  0.05    2     0.3 0.06735001 0.0030254899
116  0.06    2     0.3 0.07019109 0.0028309787
117  0.07    2     0.3 0.07288307 0.0030225077
118  0.08    2     0.3 0.07546920 0.0032008213
119  0.09    2     0.3 0.07800272 0.0033311616
120  0.10    2     0.3 0.08049474 0.0035308543
121  0.01    4     0.3 0.06247401 0.0043923619
122  0.02    4     0.3 0.06093253 0.0039102013
123  0.03    4     0.3 0.06278462 0.0028860389
124  0.04    4     0.3 0.06579591 0.0022867517
125  0.05    4     0.3 0.06837775 0.0022549542
126  0.06    4     0.3 0.07103049 0.0023273878
127  0.07    4     0.3 0.07382794 0.0025818648
128  0.08    4     0.3 0.07646107 0.0028062360
129  0.09    4     0.3 0.07905764 0.0029193564
130  0.10    4     0.3 0.08151556 0.0030617641
131  0.01    8     0.3 0.06143029 0.0039936034
132  0.02    8     0.3 0.06169898 0.0031143367
133  0.03    8     0.3 0.06489085 0.0019013317
134  0.04    8     0.3 0.06739686 0.0020012430
135  0.05    8     0.3 0.07027607 0.0022844871
136  0.06    8     0.3 0.07296679 0.0024771181
137  0.07    8     0.3 0.07548217 0.0024270862
138  0.08    8     0.3 0.07801935 0.0025952858
139  0.09    8     0.3 0.08042841 0.0027964682
140  0.10    8     0.3 0.08287448 0.0028216789
141  0.01   16     0.3 0.06202904 0.0041484282
142  0.02   16     0.3 0.06448694 0.0022830260
143  0.03   16     0.3 0.06749151 0.0023852428
144  0.04   16     0.3 0.07048082 0.0025875957
145  0.05   16     0.3 0.07293648 0.0021046232
146  0.06   16     0.3 0.07539151 0.0021487821
147  0.07   16     0.3 0.07768798 0.0023452939
148  0.08   16     0.3 0.07980363 0.0025499103
149  0.09   16     0.3 0.08192909 0.0027829313
150  0.10   16     0.3 0.08422805 0.0030861880
151  0.01    1     0.4 0.06983644 0.0039361747
152  0.02    1     0.4 0.06719798 0.0039291675
153  0.03    1     0.4 0.06826980 0.0036735380
154  0.04    1     0.4 0.07043755 0.0035730877
155  0.05    1     0.4 0.07297737 0.0034664812
156  0.06    1     0.4 0.07611539 0.0034381717
157  0.07    1     0.4 0.07916441 0.0034962957
158  0.08    1     0.4 0.08212477 0.0035215220
159  0.09    1     0.4 0.08502876 0.0036462355
160  0.10    1     0.4 0.08780410 0.0037881001
161  0.01    2     0.4 0.06715728 0.0039562802
162  0.02    2     0.4 0.06550107 0.0036602474
163  0.03    2     0.4 0.06696205 0.0034553425
164  0.04    2     0.4 0.06966888 0.0029086338
165  0.05    2     0.4 0.07295055 0.0027738368
166  0.06    2     0.4 0.07626381 0.0028724868
167  0.07    2     0.4 0.07942355 0.0030755228
168  0.08    2     0.4 0.08238402 0.0031738973
169  0.09    2     0.4 0.08526151 0.0033303351
170  0.10    2     0.4 0.08809290 0.0034333448
171  0.01    4     0.4 0.06536266 0.0037554244
172  0.02    4     0.4 0.06464243 0.0034521936
173  0.03    4     0.4 0.06727884 0.0023921243
174  0.04    4     0.4 0.07048887 0.0020971209
175  0.05    4     0.4 0.07366203 0.0022385488
176  0.06    4     0.4 0.07712468 0.0024488833
177  0.07    4     0.4 0.08035310 0.0026171250
178  0.08    4     0.4 0.08347418 0.0026589279
179  0.09    4     0.4 0.08630686 0.0028201097
180  0.10    4     0.4 0.08903040 0.0029227459
181  0.01    8     0.4 0.06436603 0.0035903313
182  0.02    8     0.4 0.06546727 0.0025243390
183  0.03    8     0.4 0.06877740 0.0017629016
184  0.04    8     0.4 0.07211535 0.0020261071
185  0.05    8     0.4 0.07546324 0.0022983799
186  0.06    8     0.4 0.07874490 0.0022424002
187  0.07    8     0.4 0.08194069 0.0024351510
188  0.08    8     0.4 0.08481500 0.0025926648
189  0.09    8     0.4 0.08755782 0.0026123678
190  0.10    8     0.4 0.09008011 0.0027267529
191  0.01   16     0.4 0.06476367 0.0034730205
192  0.02   16     0.4 0.06780170 0.0021278017
193  0.03   16     0.4 0.07143228 0.0023463994
194  0.04   16     0.4 0.07464991 0.0024447335
195  0.05   16     0.4 0.07796048 0.0021496470
196  0.06   16     0.4 0.08099093 0.0022321554
197  0.07   16     0.4 0.08374272 0.0022685551
198  0.08   16     0.4 0.08632742 0.0025170907
199  0.09   16     0.4 0.08900944 0.0028083026
200  0.10   16     0.4 0.09147943 0.0030944441
201  0.01    1     0.5 0.07367218 0.0032602089
202  0.02    1     0.5 0.07245374 0.0033800412
203  0.03    1     0.5 0.07440822 0.0031483915
204  0.04    1     0.5 0.07721938 0.0032097925
205  0.05    1     0.5 0.08061714 0.0032521267
206  0.06    1     0.5 0.08451569 0.0033454178
207  0.07    1     0.5 0.08836181 0.0034948413
208  0.08    1     0.5 0.09186221 0.0035549086
209  0.09    1     0.5 0.09526085 0.0037344797
210  0.10    1     0.5 0.09846617 0.0038236573
211  0.01    2     0.5 0.07147975 0.0033915781
212  0.02    2     0.5 0.07078689 0.0030134837
213  0.03    2     0.5 0.07314109 0.0028882798
214  0.04    2     0.5 0.07672510 0.0026394416
215  0.05    2     0.5 0.08062256 0.0027482349
216  0.06    2     0.5 0.08454498 0.0028607900
217  0.07    2     0.5 0.08838418 0.0030047988
218  0.08    2     0.5 0.09190605 0.0031415638
219  0.09    2     0.5 0.09532944 0.0032416559
220  0.10    2     0.5 0.09854768 0.0032515603
221  0.01    4     0.5 0.06968348 0.0031365451
222  0.02    4     0.5 0.06989708 0.0026895842
223  0.03    4     0.5 0.07345003 0.0021644282
224  0.04    4     0.5 0.07719104 0.0021464776
225  0.05    4     0.5 0.08124634 0.0022776071
226  0.06    4     0.5 0.08524858 0.0024589945
227  0.07    4     0.5 0.08906570 0.0025360940
228  0.08    4     0.5 0.09252075 0.0027049893
229  0.09    4     0.5 0.09586730 0.0027863406
230  0.10    4     0.5 0.09907743 0.0028468515
231  0.01    8     0.5 0.06895041 0.0029021810
232  0.02    8     0.5 0.07054852 0.0021152250
233  0.03    8     0.5 0.07444155 0.0018279889
234  0.04    8     0.5 0.07854568 0.0020618108
235  0.05    8     0.5 0.08239066 0.0022452652
236  0.06    8     0.5 0.08627325 0.0025028497
237  0.07    8     0.5 0.09011965 0.0026634323
238  0.08    8     0.5 0.09363412 0.0027185844
239  0.09    8     0.5 0.09680354 0.0027433075
240  0.10    8     0.5 0.09975791 0.0028297859
241  0.01   16     0.5 0.06895522 0.0025966333
242  0.02   16     0.5 0.07231985 0.0022695717
243  0.03   16     0.5 0.07676903 0.0021589186
244  0.04   16     0.5 0.08038377 0.0022959035
245  0.05   16     0.5 0.08417701 0.0024484460
246  0.06   16     0.5 0.08806790 0.0023459938
247  0.07   16     0.5 0.09166024 0.0025649382
248  0.08   16     0.5 0.09493663 0.0028506371
249  0.09   16     0.5 0.09799028 0.0030349384
250  0.10   16     0.5 0.10078053 0.0032693493
251  0.01    1     0.6 0.07901649 0.0022159356
252  0.02    1     0.6 0.08008068 0.0027578388
253  0.03    1     0.6 0.08327168 0.0029421545
254  0.04    1     0.6 0.08769051 0.0031402989
255  0.05    1     0.6 0.09270362 0.0033806633
256  0.06    1     0.6 0.09790015 0.0034838680
257  0.07    1     0.6 0.10268696 0.0035918698
258  0.08    1     0.6 0.10693914 0.0035808893
259  0.09    1     0.6 0.11093402 0.0036128258
260  0.10    1     0.6 0.11454826 0.0036382511
261  0.01    2     0.6 0.07786788 0.0026436994
262  0.02    2     0.6 0.07877369 0.0026708274
263  0.03    2     0.6 0.08235749 0.0026597666
264  0.04    2     0.6 0.08678306 0.0027326856
265  0.05    2     0.6 0.09194202 0.0029371068
266  0.06    2     0.6 0.09723616 0.0029862010
267  0.07    2     0.6 0.10227585 0.0031468746
268  0.08    2     0.6 0.10663776 0.0030604918
269  0.09    2     0.6 0.11060739 0.0029539046
270  0.10    2     0.6 0.11430295 0.0030012536
271  0.01    4     0.6 0.07618370 0.0021284905
272  0.02    4     0.6 0.07776072 0.0021032068
273  0.03    4     0.6 0.08229589 0.0021137621
274  0.04    4     0.6 0.08700589 0.0021587796
275  0.05    4     0.6 0.09198668 0.0023239320
276  0.06    4     0.6 0.09705089 0.0022890136
277  0.07    4     0.6 0.10194985 0.0025211625
278  0.08    4     0.6 0.10623309 0.0026208333
279  0.09    4     0.6 0.11022429 0.0026073937
280  0.10    4     0.6 0.11405112 0.0026331431
281  0.01    8     0.6 0.07495221 0.0017967701
282  0.02    8     0.6 0.07803747 0.0018785276
283  0.03    8     0.6 0.08288980 0.0016318427
284  0.04    8     0.6 0.08771177 0.0018186416
285  0.05    8     0.6 0.09217706 0.0022805832
286  0.06    8     0.6 0.09693819 0.0026312718
287  0.07    8     0.6 0.10178699 0.0025740309
288  0.08    8     0.6 0.10611774 0.0025082758
289  0.09    8     0.6 0.11008228 0.0025263012
290  0.10    8     0.6 0.11388401 0.0024919176
291  0.01   16     0.6 0.07503773 0.0016798431
292  0.02   16     0.6 0.07917532 0.0019732993
293  0.03   16     0.6 0.08426087 0.0016951724
294  0.04   16     0.6 0.08838279 0.0023369195
295  0.05   16     0.6 0.09304337 0.0024490807
296  0.06   16     0.6 0.09778542 0.0027221360
297  0.07   16     0.6 0.10240592 0.0028104204
298  0.08   16     0.6 0.10662671 0.0028743092
299  0.09   16     0.6 0.11034040 0.0029441767
300  0.10   16     0.6 0.11375015 0.0029625298
301  0.01    1     0.7 0.08939027 0.0020785557
302  0.02    1     0.7 0.09423601 0.0023838202
303  0.03    1     0.7 0.10077228 0.0030280683
304  0.04    1     0.7 0.10705028 0.0030575905
305  0.05    1     0.7 0.11337140 0.0031986374
306  0.06    1     0.7 0.11932101 0.0032530039
307  0.07    1     0.7 0.12454727 0.0033013992
308  0.08    1     0.7 0.12901394 0.0031577366
309  0.09    1     0.7 0.13296000 0.0031664519
310  0.10    1     0.7 0.13653187 0.0031311620
311  0.01    2     0.7 0.08780661 0.0014138661
312  0.02    2     0.7 0.09215797 0.0027647389
313  0.03    2     0.7 0.09833665 0.0028451539
314  0.04    2     0.7 0.10509681 0.0029422100
315  0.05    2     0.7 0.11193361 0.0028457364
316  0.06    2     0.7 0.11823792 0.0027799411
317  0.07    2     0.7 0.12373799 0.0027120336
318  0.08    2     0.7 0.12828278 0.0024633521
319  0.09    2     0.7 0.13226825 0.0025830890
320  0.10    2     0.7 0.13592006 0.0025827617
321  0.01    4     0.7 0.08587639 0.0014980182
322  0.02    4     0.7 0.09106662 0.0024769624
323  0.03    4     0.7 0.09727266 0.0026399445
324  0.04    4     0.7 0.10384381 0.0023561115
325  0.05    4     0.7 0.11065650 0.0022031445
326  0.06    4     0.7 0.11678486 0.0022261943
327  0.07    4     0.7 0.12231708 0.0023122916
328  0.08    4     0.7 0.12704156 0.0022682874
329  0.09    4     0.7 0.13131280 0.0022253909
330  0.10    4     0.7 0.13526485 0.0020880168
331  0.01    8     0.7 0.08485234 0.0011512651
332  0.02    8     0.7 0.08992418 0.0017957826
333  0.03    8     0.7 0.09684063 0.0017089142
334  0.04    8     0.7 0.10283513 0.0015859361
335  0.05    8     0.7 0.10876282 0.0022019138
336  0.06    8     0.7 0.11505080 0.0020734414
337  0.07    8     0.7 0.12104135 0.0018809092
338  0.08    8     0.7 0.12609948 0.0020010087
339  0.09    8     0.7 0.13047035 0.0020681276
340  0.10    8     0.7 0.13436802 0.0020949713
341  0.01   16     0.7 0.08423834 0.0017760363
342  0.02   16     0.7 0.08991281 0.0009946265
343  0.03   16     0.7 0.09550058 0.0011876336
344  0.04   16     0.7 0.10140496 0.0018489202
345  0.05   16     0.7 0.10769705 0.0020880455
346  0.06   16     0.7 0.11409000 0.0023104975
347  0.07   16     0.7 0.12003709 0.0021521479
348  0.08   16     0.7 0.12514671 0.0021388966
349  0.09   16     0.7 0.12927222 0.0021883998
350  0.10   16     0.7 0.13295230 0.0022576331
351  0.01    1     0.8 0.11381976 0.0021501168
352  0.02    1     0.8 0.12217838 0.0020760825
353  0.03    1     0.8 0.13029932 0.0023516620
354  0.04    1     0.8 0.13702045 0.0025164613
355  0.05    1     0.8 0.14355448 0.0026817935
356  0.06    1     0.8 0.14927784 0.0025023990
357  0.07    1     0.8 0.15410151 0.0024715932
358  0.08    1     0.8 0.15802154 0.0023654009
359  0.09    1     0.8 0.16145246 0.0022258607
360  0.10    1     0.8 0.16443811 0.0021686419
361  0.01    2     0.8 0.10895063 0.0014440831
362  0.02    2     0.8 0.11884695 0.0022009893
363  0.03    2     0.8 0.12716034 0.0024473376
364  0.04    2     0.8 0.13474987 0.0023904436
365  0.05    2     0.8 0.14178583 0.0021770353
366  0.06    2     0.8 0.14780292 0.0019495120
367  0.07    2     0.8 0.15281798 0.0019787610
368  0.08    2     0.8 0.15676119 0.0019818374
369  0.09    2     0.8 0.16030864 0.0018931671
370  0.10    2     0.8 0.16358547 0.0018437688
371  0.01    4     0.8 0.10718782 0.0021884747
372  0.02    4     0.8 0.11563641 0.0023363806
373  0.03    4     0.8 0.12441766 0.0021964092
374  0.04    4     0.8 0.13247221 0.0018773023
375  0.05    4     0.8 0.13925561 0.0019088132
376  0.06    4     0.8 0.14538792 0.0019401261
377  0.07    4     0.8 0.15084352 0.0016678606
378  0.08    4     0.8 0.15541416 0.0015360872
379  0.09    4     0.8 0.15924771 0.0014754494
380  0.10    4     0.8 0.16268126 0.0014342668
381  0.01    8     0.8 0.10492877 0.0022778365
382  0.02    8     0.8 0.11394628 0.0018538990
383  0.03    8     0.8 0.12201176 0.0014899746
384  0.04    8     0.8 0.12894603 0.0017774832
385  0.05    8     0.8 0.13631373 0.0016737462
386  0.06    8     0.8 0.14310776 0.0014140621
387  0.07    8     0.8 0.14914551 0.0013975403
388  0.08    8     0.8 0.15395084 0.0015700950
389  0.09    8     0.8 0.15789175 0.0015412360
390  0.10    8     0.8 0.16126019 0.0015463916
391  0.01   16     0.8 0.10230243 0.0021449261
392  0.02   16     0.8 0.11152425 0.0013976221
393  0.03   16     0.8 0.11875005 0.0014600703
394  0.04   16     0.8 0.12621796 0.0015724698
395  0.05   16     0.8 0.13406006 0.0017478676
396  0.06   16     0.8 0.14111519 0.0016959036
397  0.07   16     0.8 0.14715126 0.0013190652
398  0.08   16     0.8 0.15186198 0.0014486633
399  0.09   16     0.8 0.15556300 0.0015937486
400  0.10   16     0.8 0.15899109 0.0016424234
401  0.01    1     0.9 0.15628346 0.0013935335
402  0.02    1     0.9 0.16593282 0.0013157767
403  0.03    1     0.9 0.17289518 0.0014331641
404  0.04    1     0.9 0.17857481 0.0015997058
405  0.05    1     0.9 0.18364185 0.0014116497
406  0.06    1     0.9 0.18787891 0.0013112241
407  0.07    1     0.9 0.19127913 0.0012952349
408  0.08    1     0.9 0.19392128 0.0013715399
409  0.09    1     0.9 0.19621900 0.0013300529
410  0.10    1     0.9 0.19833273 0.0012581719
411  0.01    2     0.9 0.15184470 0.0011932724
412  0.02    2     0.9 0.16206357 0.0012403858
413  0.03    2     0.9 0.17004252 0.0016090537
414  0.04    2     0.9 0.17651377 0.0014000433
415  0.05    2     0.9 0.18167339 0.0014629408
416  0.06    2     0.9 0.18596356 0.0015091351
417  0.07    2     0.9 0.18974009 0.0013105611
418  0.08    2     0.9 0.19276910 0.0011587159
419  0.09    2     0.9 0.19539100 0.0010366392
420  0.10    2     0.9 0.19764652 0.0009903508
421  0.01    4     0.9 0.14793757 0.0007919214
422  0.02    4     0.9 0.15815518 0.0013875870
423  0.03    4     0.9 0.16683716 0.0016217177
424  0.04    4     0.9 0.17313832 0.0017829447
425  0.05    4     0.9 0.17894740 0.0016543960
426  0.06    4     0.9 0.18398175 0.0012279423
427  0.07    4     0.9 0.18827563 0.0010563587
428  0.08    4     0.9 0.19162408 0.0010656120
429  0.09    4     0.9 0.19430008 0.0010874580
430  0.10    4     0.9 0.19657797 0.0010690611
431  0.01    8     0.9 0.14346930 0.0010935219
432  0.02    8     0.9 0.15393418 0.0018002726
433  0.03    8     0.9 0.16214080 0.0020818885
434  0.04    8     0.9 0.16981402 0.0016891140
435  0.05    8     0.9 0.17653528 0.0013937165
436  0.06    8     0.9 0.18205989 0.0012813973
437  0.07    8     0.9 0.18653165 0.0010447371
438  0.08    8     0.9 0.18994121 0.0010645844
439  0.09    8     0.9 0.19249801 0.0010947641
440  0.10    8     0.9 0.19476652 0.0010808082
441  0.01   16     0.9 0.13954725 0.0024048913
442  0.02   16     0.9 0.14847201 0.0019699863
443  0.03   16     0.9 0.15800200 0.0020123761
444  0.04   16     0.9 0.16699778 0.0016991428
445  0.05   16     0.9 0.17396272 0.0013704642
446  0.06   16     0.9 0.17935548 0.0010599131
447  0.07   16     0.9 0.18354411 0.0009553637
448  0.08   16     0.9 0.18711000 0.0012001341
449  0.09   16     0.9 0.19010306 0.0015520268
450  0.10   16     0.9 0.19269727 0.0015845979
451  0.01    1     1.0 0.22573119 0.0029450686
452  0.02    1     1.0 0.22898933 0.0027696533
453  0.03    1     1.0 0.23150090 0.0024658355
454  0.04    1     1.0 0.23326821 0.0024247911
455  0.05    1     1.0 0.23477240 0.0022260586
456  0.06    1     1.0 0.23603690 0.0020121973
457  0.07    1     1.0 0.23705980 0.0018082978
458  0.08    1     1.0 0.23785428 0.0017058396
459  0.09    1     1.0 0.23844729 0.0016221038
460  0.10    1     1.0 0.23894613 0.0015394109
461  0.01    2     1.0 0.22368785 0.0032563929
462  0.02    2     1.0 0.22728491 0.0030383999
463  0.03    2     1.0 0.23004071 0.0029566339
464  0.04    2     1.0 0.23231235 0.0026196091
465  0.05    2     1.0 0.23410615 0.0022434569
466  0.06    2     1.0 0.23549044 0.0020070656
467  0.07    2     1.0 0.23651099 0.0018349645
468  0.08    2     1.0 0.23727831 0.0017309466
469  0.09    2     1.0 0.23790261 0.0016817193
470  0.10    2     1.0 0.23844279 0.0016223915
471  0.01    4     1.0 0.22102899 0.0040549234
472  0.02    4     1.0 0.22506120 0.0037917349
473  0.03    4     1.0 0.22868589 0.0032120543
474  0.04    4     1.0 0.23141231 0.0026141002
475  0.05    4     1.0 0.23322201 0.0022322563
476  0.06    4     1.0 0.23451603 0.0020688377
477  0.07    4     1.0 0.23559922 0.0019856915
478  0.08    4     1.0 0.23652149 0.0018945743
479  0.09    4     1.0 0.23724012 0.0017916043
480  0.10    4     1.0 0.23782102 0.0017119326
481  0.01    8     1.0 0.21826959 0.0044271078
482  0.02    8     1.0 0.22296769 0.0042821361
483  0.03    8     1.0 0.22733944 0.0033198312
484  0.04    8     1.0 0.23002123 0.0025022516
485  0.05    8     1.0 0.23177970 0.0023975643
486  0.06    8     1.0 0.23337844 0.0023017152
487  0.07    8     1.0 0.23455933 0.0021713170
488  0.08    8     1.0 0.23540504 0.0020548787
489  0.09    8     1.0 0.23600055 0.0019308835
490  0.10    8     1.0 0.23667503 0.0017644676
491  0.01   16     1.0 0.21489919 0.0053274092
492  0.02   16     1.0 0.22101619 0.0043887572
493  0.03   16     1.0 0.22530411 0.0031174944
494  0.04   16     1.0 0.22806431 0.0027735514
495  0.05   16     1.0 0.23025264 0.0026323927
496  0.06   16     1.0 0.23154276 0.0026496033
497  0.07   16     1.0 0.23256345 0.0022984808
498  0.08   16     1.0 0.23388229 0.0021464389
499  0.09   16     1.0 0.23496624 0.0019747287
500  0.10   16     1.0 0.23590660 0.0018891325